id,nombre,vac1dosis,vac2dosis,sinVacunar
3,Albania,26,31,43
5,China,34,36,30
6,Mongolia,20,33,47
12,France,18,32,50
17,Indonesia,35,35,30
32,Portugal,29,33,38
47,Norway,32,33,35
48,Argentina,60,32,8
54,Netherlands,33,36,31
55,Belize,30,38,32
67,Paraguay,25,36,39
73,Afghanistan,39,40,21
76,Myanmar,2,37,61
86,Senegal,4,35,61
89,Poland,1,34,65
97,Spain,6,37,57
98,Guatemala,16,36,48
